2024/09/24-08:34:32.941623 5fec RocksDB version: 8.0.0
2024/09/24-08:34:32.941701 5fec Git sha fdf403f5918a2b4355cf75ebe5e21d0fc22db880
2024/09/24-08:34:32.941715 5fec Compile date 2023-03-21 23:33:48
2024/09/24-08:34:32.941724 5fec DB SUMMARY
2024/09/24-08:34:32.941732 5fec DB Session ID:  SPRLLTPYFNJ35N1QFM8N
2024/09/24-08:34:32.942338 5fec CURRENT file:  CURRENT
2024/09/24-08:34:32.942351 5fec IDENTITY file:  IDENTITY
2024/09/24-08:34:32.942400 5fec MANIFEST file:  MANIFEST-000017 size: 81 Bytes
2024/09/24-08:34:32.942408 5fec SST files in rocksdb_transactions dir, Total Num: 0, files: 
2024/09/24-08:34:32.942415 5fec Write Ahead Log file in rocksdb_transactions: 000004.log size: 0 ; 000008.log size: 0 ; 000012.log size: 0 ; 000016.log size: 0 ; 
2024/09/24-08:34:32.942574 5fec                         Options.error_if_exists: 0
2024/09/24-08:34:32.942584 5fec                       Options.create_if_missing: 1
2024/09/24-08:34:32.942587 5fec                         Options.paranoid_checks: 1
2024/09/24-08:34:32.942589 5fec             Options.flush_verify_memtable_count: 1
2024/09/24-08:34:32.942592 5fec                               Options.track_and_verify_wals_in_manifest: 0
2024/09/24-08:34:32.942594 5fec        Options.verify_sst_unique_id_in_manifest: 1
2024/09/24-08:34:32.942597 5fec                                     Options.env: 00000263F875C660
2024/09/24-08:34:32.942600 5fec                                      Options.fs: WinFS
2024/09/24-08:34:32.942603 5fec                                Options.info_log: 00000263F893E530
2024/09/24-08:34:32.942605 5fec                Options.max_file_opening_threads: 16
2024/09/24-08:34:32.942608 5fec                              Options.statistics: 0000000000000000
2024/09/24-08:34:32.942610 5fec                               Options.use_fsync: 0
2024/09/24-08:34:32.942613 5fec                       Options.max_log_file_size: 0
2024/09/24-08:34:32.942616 5fec                  Options.max_manifest_file_size: 1073741824
2024/09/24-08:34:32.942618 5fec                   Options.log_file_time_to_roll: 0
2024/09/24-08:34:32.942621 5fec                       Options.keep_log_file_num: 1000
2024/09/24-08:34:32.942623 5fec                    Options.recycle_log_file_num: 0
2024/09/24-08:34:32.942626 5fec                         Options.allow_fallocate: 1
2024/09/24-08:34:32.942628 5fec                        Options.allow_mmap_reads: 0
2024/09/24-08:34:32.942631 5fec                       Options.allow_mmap_writes: 0
2024/09/24-08:34:32.942633 5fec                        Options.use_direct_reads: 0
2024/09/24-08:34:32.942637 5fec                        Options.use_direct_io_for_flush_and_compaction: 0
2024/09/24-08:34:32.942639 5fec          Options.create_missing_column_families: 0
2024/09/24-08:34:32.942641 5fec                              Options.db_log_dir: 
2024/09/24-08:34:32.942644 5fec                                 Options.wal_dir: 
2024/09/24-08:34:32.942646 5fec                Options.table_cache_numshardbits: 6
2024/09/24-08:34:32.942649 5fec                         Options.WAL_ttl_seconds: 0
2024/09/24-08:34:32.942651 5fec                       Options.WAL_size_limit_MB: 0
2024/09/24-08:34:32.942654 5fec                        Options.max_write_batch_group_size_bytes: 1048576
2024/09/24-08:34:32.942656 5fec             Options.manifest_preallocation_size: 4194304
2024/09/24-08:34:32.942659 5fec                     Options.is_fd_close_on_exec: 1
2024/09/24-08:34:32.942661 5fec                   Options.advise_random_on_open: 1
2024/09/24-08:34:32.942664 5fec                    Options.db_write_buffer_size: 0
2024/09/24-08:34:32.942667 5fec                    Options.write_buffer_manager: 00000263F875CDE0
2024/09/24-08:34:32.942669 5fec         Options.access_hint_on_compaction_start: 1
2024/09/24-08:34:32.942672 5fec           Options.random_access_max_buffer_size: 1048576
2024/09/24-08:34:32.942675 5fec                      Options.use_adaptive_mutex: 0
2024/09/24-08:34:32.942678 5fec                            Options.rate_limiter: 0000000000000000
2024/09/24-08:34:32.942681 5fec     Options.sst_file_manager.rate_bytes_per_sec: 0
2024/09/24-08:34:32.942706 5fec                       Options.wal_recovery_mode: 2
2024/09/24-08:34:32.942711 5fec                  Options.enable_thread_tracking: 0
2024/09/24-08:34:32.942713 5fec                  Options.enable_pipelined_write: 0
2024/09/24-08:34:32.942716 5fec                  Options.unordered_write: 0
2024/09/24-08:34:32.942718 5fec         Options.allow_concurrent_memtable_write: 1
2024/09/24-08:34:32.942721 5fec      Options.enable_write_thread_adaptive_yield: 1
2024/09/24-08:34:32.942723 5fec             Options.write_thread_max_yield_usec: 100
2024/09/24-08:34:32.942726 5fec            Options.write_thread_slow_yield_usec: 3
2024/09/24-08:34:32.942728 5fec                               Options.row_cache: None
2024/09/24-08:34:32.942731 5fec                              Options.wal_filter: None
2024/09/24-08:34:32.942733 5fec             Options.avoid_flush_during_recovery: 0
2024/09/24-08:34:32.942737 5fec             Options.allow_ingest_behind: 0
2024/09/24-08:34:32.942739 5fec             Options.two_write_queues: 0
2024/09/24-08:34:32.942742 5fec             Options.manual_wal_flush: 0
2024/09/24-08:34:32.942744 5fec             Options.wal_compression: 0
2024/09/24-08:34:32.942746 5fec             Options.atomic_flush: 0
2024/09/24-08:34:32.942748 5fec             Options.avoid_unnecessary_blocking_io: 0
2024/09/24-08:34:32.942751 5fec                 Options.persist_stats_to_disk: 0
2024/09/24-08:34:32.942753 5fec                 Options.write_dbid_to_manifest: 0
2024/09/24-08:34:32.942755 5fec                 Options.log_readahead_size: 0
2024/09/24-08:34:32.942758 5fec                 Options.file_checksum_gen_factory: Unknown
2024/09/24-08:34:32.942770 5fec                 Options.best_efforts_recovery: 0
2024/09/24-08:34:32.942773 5fec                Options.max_bgerror_resume_count: 2147483647
2024/09/24-08:34:32.942775 5fec            Options.bgerror_resume_retry_interval: 1000000
2024/09/24-08:34:32.942778 5fec             Options.allow_data_in_errors: 0
2024/09/24-08:34:32.942780 5fec             Options.db_host_id: __hostname__
2024/09/24-08:34:32.942784 5fec             Options.enforce_single_del_contracts: true
2024/09/24-08:34:32.942786 5fec             Options.max_background_jobs: 2
2024/09/24-08:34:32.942789 5fec             Options.max_background_compactions: -1
2024/09/24-08:34:32.942791 5fec             Options.max_subcompactions: 1
2024/09/24-08:34:32.942793 5fec             Options.avoid_flush_during_shutdown: 0
2024/09/24-08:34:32.942796 5fec           Options.writable_file_max_buffer_size: 1048576
2024/09/24-08:34:32.942798 5fec             Options.delayed_write_rate : 16777216
2024/09/24-08:34:32.942800 5fec             Options.max_total_wal_size: 0
2024/09/24-08:34:32.942803 5fec             Options.delete_obsolete_files_period_micros: 21600000000
2024/09/24-08:34:32.942805 5fec                   Options.stats_dump_period_sec: 600
2024/09/24-08:34:32.942808 5fec                 Options.stats_persist_period_sec: 600
2024/09/24-08:34:32.942810 5fec                 Options.stats_history_buffer_size: 1048576
2024/09/24-08:34:32.942812 5fec                          Options.max_open_files: -1
2024/09/24-08:34:32.942815 5fec                          Options.bytes_per_sync: 0
2024/09/24-08:34:32.942817 5fec                      Options.wal_bytes_per_sync: 0
2024/09/24-08:34:32.942819 5fec                   Options.strict_bytes_per_sync: 0
2024/09/24-08:34:32.942822 5fec       Options.compaction_readahead_size: 0
2024/09/24-08:34:32.942824 5fec                  Options.max_background_flushes: -1
2024/09/24-08:34:32.942827 5fec Compression algorithms supported:
2024/09/24-08:34:32.942830 5fec 	kZSTD supported: 1
2024/09/24-08:34:32.942833 5fec 	kSnappyCompression supported: 1
2024/09/24-08:34:32.942836 5fec 	kBZip2Compression supported: 0
2024/09/24-08:34:32.942838 5fec 	kZlibCompression supported: 1
2024/09/24-08:34:32.942841 5fec 	kLZ4Compression supported: 1
2024/09/24-08:34:32.942843 5fec 	kXpressCompression supported: 0
2024/09/24-08:34:32.942858 5fec 	kLZ4HCCompression supported: 1
2024/09/24-08:34:32.942861 5fec 	kZSTDNotFinalCompression supported: 1
2024/09/24-08:34:32.942866 5fec Fast CRC32 supported: Supported on x86
2024/09/24-08:34:32.942868 5fec DMutex implementation: std::mutex
2024/09/24-08:34:32.943602 5fec [db\version_set.cc:5658] Recovering from manifest file: rocksdb_transactions/MANIFEST-000017
2024/09/24-08:34:32.943774 5fec [db\column_family.cc:621] --------------- Options for column family [default]:
2024/09/24-08:34:32.943782 5fec               Options.comparator: leveldb.BytewiseComparator
2024/09/24-08:34:32.943785 5fec           Options.merge_operator: None
2024/09/24-08:34:32.943788 5fec        Options.compaction_filter: None
2024/09/24-08:34:32.943791 5fec        Options.compaction_filter_factory: None
2024/09/24-08:34:32.943793 5fec  Options.sst_partitioner_factory: None
2024/09/24-08:34:32.943796 5fec         Options.memtable_factory: SkipListFactory
2024/09/24-08:34:32.943798 5fec            Options.table_factory: BlockBasedTable
2024/09/24-08:34:32.943818 5fec            table_factory options:   flush_block_policy_factory: FlushBlockBySizePolicyFactory (00000263F89EBF20)
  cache_index_and_filter_blocks: 0
  cache_index_and_filter_blocks_with_high_priority: 1
  pin_l0_filter_and_index_blocks_in_cache: 0
  pin_top_level_index_and_filter: 1
  index_type: 0
  data_block_index_type: 0
  index_shortening: 1
  data_block_hash_table_util_ratio: 0.750000
  checksum: 4
  no_block_cache: 0
  block_cache: 00000263F8BA3840
  block_cache_name: LRUCache
  block_cache_options:
    capacity : 8388608
    num_shard_bits : 4
    strict_capacity_limit : 0
    memory_allocator : None
    high_pri_pool_ratio: 0.000
    low_pri_pool_ratio: 0.000
  persistent_cache: 0000000000000000
  block_size: 4096
  block_size_deviation: 10
  block_restart_interval: 16
  index_block_restart_interval: 1
  metadata_block_size: 4096
  partition_filters: 0
  use_delta_encoding: 1
  filter_policy: nullptr
  whole_key_filtering: 1
  verify_compression: 0
  read_amp_bytes_per_bit: 0
  format_version: 5
  enable_index_compression: 1
  block_align: 0
  max_auto_readahead_size: 262144
  prepopulate_block_cache: 0
  initial_auto_readahead_size: 8192
  num_file_reads_for_auto_readahead: 2
2024/09/24-08:34:32.943821 5fec        Options.write_buffer_size: 67108864
2024/09/24-08:34:32.943824 5fec  Options.max_write_buffer_number: 2
2024/09/24-08:34:32.943827 5fec          Options.compression: Snappy
2024/09/24-08:34:32.943829 5fec                  Options.bottommost_compression: Disabled
2024/09/24-08:34:32.943832 5fec       Options.prefix_extractor: nullptr
2024/09/24-08:34:32.943834 5fec   Options.memtable_insert_with_hint_prefix_extractor: nullptr
2024/09/24-08:34:32.943837 5fec             Options.num_levels: 7
2024/09/24-08:34:32.943839 5fec        Options.min_write_buffer_number_to_merge: 1
2024/09/24-08:34:32.943842 5fec     Options.max_write_buffer_number_to_maintain: 0
2024/09/24-08:34:32.943844 5fec     Options.max_write_buffer_size_to_maintain: 0
2024/09/24-08:34:32.943847 5fec            Options.bottommost_compression_opts.window_bits: -14
2024/09/24-08:34:32.943850 5fec                  Options.bottommost_compression_opts.level: 32767
2024/09/24-08:34:32.943852 5fec               Options.bottommost_compression_opts.strategy: 0
2024/09/24-08:34:32.943855 5fec         Options.bottommost_compression_opts.max_dict_bytes: 0
2024/09/24-08:34:32.943857 5fec         Options.bottommost_compression_opts.zstd_max_train_bytes: 0
2024/09/24-08:34:32.943860 5fec         Options.bottommost_compression_opts.parallel_threads: 1
2024/09/24-08:34:32.943862 5fec                  Options.bottommost_compression_opts.enabled: false
2024/09/24-08:34:32.943865 5fec         Options.bottommost_compression_opts.max_dict_buffer_bytes: 0
2024/09/24-08:34:32.943868 5fec         Options.bottommost_compression_opts.use_zstd_dict_trainer: true
2024/09/24-08:34:32.943870 5fec            Options.compression_opts.window_bits: -14
2024/09/24-08:34:32.943873 5fec                  Options.compression_opts.level: 32767
2024/09/24-08:34:32.943878 5fec               Options.compression_opts.strategy: 0
2024/09/24-08:34:32.943882 5fec         Options.compression_opts.max_dict_bytes: 0
2024/09/24-08:34:32.943884 5fec         Options.compression_opts.zstd_max_train_bytes: 0
2024/09/24-08:34:32.943887 5fec         Options.compression_opts.use_zstd_dict_trainer: true
2024/09/24-08:34:32.943889 5fec         Options.compression_opts.parallel_threads: 1
2024/09/24-08:34:32.943892 5fec                  Options.compression_opts.enabled: false
2024/09/24-08:34:32.943894 5fec         Options.compression_opts.max_dict_buffer_bytes: 0
2024/09/24-08:34:32.943897 5fec      Options.level0_file_num_compaction_trigger: 4
2024/09/24-08:34:32.943900 5fec          Options.level0_slowdown_writes_trigger: 20
2024/09/24-08:34:32.943902 5fec              Options.level0_stop_writes_trigger: 36
2024/09/24-08:34:32.943904 5fec                   Options.target_file_size_base: 67108864
2024/09/24-08:34:32.943907 5fec             Options.target_file_size_multiplier: 1
2024/09/24-08:34:32.943910 5fec                Options.max_bytes_for_level_base: 268435456
2024/09/24-08:34:32.943912 5fec Options.level_compaction_dynamic_level_bytes: 0
2024/09/24-08:34:32.943915 5fec          Options.max_bytes_for_level_multiplier: 10.000000
2024/09/24-08:34:32.943918 5fec Options.max_bytes_for_level_multiplier_addtl[0]: 1
2024/09/24-08:34:32.943920 5fec Options.max_bytes_for_level_multiplier_addtl[1]: 1
2024/09/24-08:34:32.943923 5fec Options.max_bytes_for_level_multiplier_addtl[2]: 1
2024/09/24-08:34:32.943925 5fec Options.max_bytes_for_level_multiplier_addtl[3]: 1
2024/09/24-08:34:32.943928 5fec Options.max_bytes_for_level_multiplier_addtl[4]: 1
2024/09/24-08:34:32.943930 5fec Options.max_bytes_for_level_multiplier_addtl[5]: 1
2024/09/24-08:34:32.943933 5fec Options.max_bytes_for_level_multiplier_addtl[6]: 1
2024/09/24-08:34:32.943936 5fec       Options.max_sequential_skip_in_iterations: 8
2024/09/24-08:34:32.943938 5fec                    Options.max_compaction_bytes: 1677721600
2024/09/24-08:34:32.943941 5fec   Options.ignore_max_compaction_bytes_for_input: true
2024/09/24-08:34:32.943943 5fec                        Options.arena_block_size: 1048576
2024/09/24-08:34:32.943946 5fec   Options.soft_pending_compaction_bytes_limit: 68719476736
2024/09/24-08:34:32.943948 5fec   Options.hard_pending_compaction_bytes_limit: 274877906944
2024/09/24-08:34:32.943951 5fec                Options.disable_auto_compactions: 0
2024/09/24-08:34:32.943954 5fec                        Options.compaction_style: kCompactionStyleLevel
2024/09/24-08:34:32.943957 5fec                          Options.compaction_pri: kMinOverlappingRatio
2024/09/24-08:34:32.943960 5fec Options.compaction_options_universal.size_ratio: 1
2024/09/24-08:34:32.943962 5fec Options.compaction_options_universal.min_merge_width: 2
2024/09/24-08:34:32.943965 5fec Options.compaction_options_universal.max_merge_width: 4294967295
2024/09/24-08:34:32.943968 5fec Options.compaction_options_universal.max_size_amplification_percent: 200
2024/09/24-08:34:32.943970 5fec Options.compaction_options_universal.compression_size_percent: -1
2024/09/24-08:34:32.943973 5fec Options.compaction_options_universal.stop_style: kCompactionStopStyleTotalSize
2024/09/24-08:34:32.943976 5fec Options.compaction_options_fifo.max_table_files_size: 1073741824
2024/09/24-08:34:32.943979 5fec Options.compaction_options_fifo.allow_compaction: 0
2024/09/24-08:34:32.943983 5fec                   Options.table_properties_collectors: 
2024/09/24-08:34:32.943986 5fec                   Options.inplace_update_support: 0
2024/09/24-08:34:32.943988 5fec                 Options.inplace_update_num_locks: 10000
2024/09/24-08:34:32.943991 5fec               Options.memtable_prefix_bloom_size_ratio: 0.000000
2024/09/24-08:34:32.943994 5fec               Options.memtable_whole_key_filtering: 0
2024/09/24-08:34:32.943996 5fec   Options.memtable_huge_page_size: 0
2024/09/24-08:34:32.943999 5fec                           Options.bloom_locality: 0
2024/09/24-08:34:32.944038 5fec                    Options.max_successive_merges: 0
2024/09/24-08:34:32.944042 5fec                Options.optimize_filters_for_hits: 0
2024/09/24-08:34:32.944044 5fec                Options.paranoid_file_checks: 0
2024/09/24-08:34:32.944047 5fec                Options.force_consistency_checks: 1
2024/09/24-08:34:32.944049 5fec                Options.report_bg_io_stats: 0
2024/09/24-08:34:32.944052 5fec                               Options.ttl: 2592000
2024/09/24-08:34:32.944054 5fec          Options.periodic_compaction_seconds: 0
2024/09/24-08:34:32.944057 5fec  Options.preclude_last_level_data_seconds: 0
2024/09/24-08:34:32.944059 5fec    Options.preserve_internal_time_seconds: 0
2024/09/24-08:34:32.944062 5fec                       Options.enable_blob_files: false
2024/09/24-08:34:32.944064 5fec                           Options.min_blob_size: 0
2024/09/24-08:34:32.944067 5fec                          Options.blob_file_size: 268435456
2024/09/24-08:34:32.944070 5fec                   Options.blob_compression_type: NoCompression
2024/09/24-08:34:32.944074 5fec          Options.enable_blob_garbage_collection: false
2024/09/24-08:34:32.944078 5fec      Options.blob_garbage_collection_age_cutoff: 0.250000
2024/09/24-08:34:32.944081 5fec Options.blob_garbage_collection_force_threshold: 1.000000
2024/09/24-08:34:32.944084 5fec          Options.blob_compaction_readahead_size: 0
2024/09/24-08:34:32.944086 5fec                Options.blob_file_starting_level: 0
2024/09/24-08:34:32.944089 5fec Options.experimental_mempurge_threshold: 0.000000
2024/09/24-08:34:32.945842 5fec [db\version_set.cc:5709] Recovered from manifest file:rocksdb_transactions/MANIFEST-000017 succeeded,manifest_file_number is 17, next_file_number is 19, last_sequence is 0, log_number is 13,prev_log_number is 0,max_column_family is 0,min_log_number_to_keep is 0
2024/09/24-08:34:32.945860 5fec [db\version_set.cc:5718] Column family [default] (ID 0), log number is 13
2024/09/24-08:34:32.946135 5fec [db\db_impl\db_impl_open.cc:537] DB ID: 4d614f0a-7a63-11ef-a0d7-50284a6fa770
2024/09/24-08:34:32.947059 5fec EVENT_LOG_v1 {"time_micros": 1727177672947052, "job": 1, "event": "recovery_started", "wal_files": [4, 8, 12, 16]}
2024/09/24-08:34:32.947066 5fec [db\db_impl\db_impl_open.cc:1018] Skipping log #4 since it is older than min log to keep #13
2024/09/24-08:34:32.947069 5fec [db\db_impl\db_impl_open.cc:1018] Skipping log #8 since it is older than min log to keep #13
2024/09/24-08:34:32.947072 5fec [db\db_impl\db_impl_open.cc:1018] Skipping log #12 since it is older than min log to keep #13
2024/09/24-08:34:32.947075 5fec [db\db_impl\db_impl_open.cc:1031] Recovering log #16 mode 2
2024/09/24-08:34:32.947937 5fec EVENT_LOG_v1 {"time_micros": 1727177672947931, "job": 1, "event": "recovery_finished"}
2024/09/24-08:34:32.948284 5fec [db\version_set.cc:5176] Creating manifest 21
2024/09/24-08:34:32.955695 5fec [db\db_impl\db_impl_open.cc:1977] SstFileManager instance 00000263F8515EA0
2024/09/24-08:34:32.956137 5fec DB pointer 00000263F87AF800
